1025
1027
1029
1031
1033
1035
1037
1039
1041
1043
1045
1047
1049
1051
1053
1055
1057
1059
1061
1063
1065
1067
1069
1071
1073
1075
1077
1079
1081
1083
1085
1087
1089
1091
1093
1095
1097
1099
1101
1103
1105
1107
1109
1111
1113
1115
1117
1119
1121
1123
1125
1127
1129
1131
1133
1135
1137
1139
1141
1143
1145
1147
1149
1151
1153
1155
1157
1159
1161
1163
1165
1167
1169
1171
1173
1175
1177
1179
1181
1183
1185
1187
1189
1191
1193
1195
1197
1199
1201
1203
1205
1207
1209
1211
1213
1215
1217
1219
1221
1223
1225
1227
1229
1231
1233
1235
1237
1239
1241
1243
1245
1247
1249
1251
1253
1255
1257
1259
1261
1263
1265
1267
1269
1271
1273
1275
1277
1279
1281
1283
1285
1287
1289
1291
1293
1295
1297
1299
1301
1303
1305
1307
1309
1311
1313
1315
1317
1319
1321
1323
1325
1327
1329
1331
1333
1335
1337
1339
1341
1343
1345
1347
1349
1351
1353
1355
1357
1359
1361
1363
1365
1367
1369
1371
1373
1375
1377
1379
1381
1383
1385
1387
1389
1391
1393
1395
1397
1399
1401
1403
1405
1407
1409
1411
1413
1415
1417
1419
1421
1423
1425
1427
1429
1431
1433
1435
1437
1439
1441
1443
1445
1447
1449
1451
1453
1455
1457
1459
1461
1463
1465
1467
1469
1471
1473
1475
1477
1479
1481
1483
1485
1487
1489
1491
1493
1495
1497
1499
1501
1503
1505
1507
1509
1511
1513
1515
1517
1519
1521
1523
1525
1527
1529
1531
1533
1535
1537
1539
1541
1543
1545
1547
1549
1551
1553
1555
1557
1559
1561
1563
1565
1567
1569
1571
1573
1575
1577
1579
1581
1583
1585
1587
1589
1591
1593
1595
1597
1599
1601
1603
1605
1607
1609
1611
1613
1615
1617
1619
1621
1623
1625
1627
1629
1631
1633
1635
1637
1639
1641
1643
1645
1647
1649
1651
1653
1655
1657
1659
1661
1663
1665
1667
1669
1671
1673
1675
1677
1679
1681
1683
1685
1687
1689
1691
1693
1695
1697
1699
1701
1703
1705
1707
1709
1711
1713
1715
1717
1719
1721
1723
1725
1727
1729
1731
1733
1735
1737
1739
1741
1743
1745
1747
1749
1751
1753
1755
1757
1759
1761
1763
1765
1767
1769
1771
1773
1775
1777
1779
1781
1783
1785
1787
1789
1791
1793
1795
1797
1799
1801
1803
1805
1807
1809
1811
1813
1815
1817
1819
1821
1823
1825
1827
1829
1831
1833
1835
1837
1839
1841
1843
1845
1847
1849
1851
1853
1855
1857
1859
1861
1863
1865
1867
1869
1871
1873
1875
1877
1879
1881
1883
1885
1887
1889
1891
1893
1895
1897
1899
1901
1903
1905
1907
1909
1911
1913
1915
1917
1919
1921
1923
1925
1927
1929
1931
1933
1935
1937
1939
1941
1943
1945
1947
1949
1951
1953
1955
1957
1959
1961
1963
1965
1967
1969
1971
1973
1975
1977
1979
1981
1983
1985
1987
1989
1991
1993
1995
1997
1999
2001
2003
2005
2007
2009
2011
2013
2015
2017
2019
2021
2023
2025
2027
2029
2031
2033
2035
2037
2039
2041
2043
2045
2047
3080
3081
3082
3083
3084
3085
3086
3087
3096
3097
3098
3099
3100
3101
3102
3103
3112
3113
3114
3115
3116
3117
3118
3119
3128
3129
3130
3131
3132
3133
3134
3135
3144
3145
3146
3147
3148
3149
3150
3151
3160
3161
3162
3163
3164
3165
3166
3167
3176
3177
3178
3179
3180
3181
3182
3183
3192
3193
3194
3195
3196
3197
3198
3199
3208
3209
3210
3211
3212
3213
3214
3215
3224
3225
3226
3227
3228
3229
3230
3231
3240
3241
3242
3243
3244
3245
3246
3247
3256
3257
3258
3259
3260
3261
3262
3263
3272
3273
3274
3275
3276
3277
3278
3279
3288
3289
3290
3291
3292
3293
3294
3295
3304
3305
3306
3307
3308
3309
3310
3311
3320
3321
3322
3323
3324
3325
3326
3327
3336
3337
3338
3339
3340
3341
3342
3343
3352
3353
3354
3355
3356
3357
3358
3359
3368
3369
3370
3371
3372
3373
3374
3375
3384
3385
3386
3387
3388
3389
3390
3391
3400
3401
3402
3403
3404
3405
3406
3407
3416
3417
3418
3419
3420
3421
3422
3423
3432
3433
3434
3435
3436
3437
3438
3439
3448
3449
3450
3451
3452
3453
3454
3455
3464
3465
3466
3467
3468
3469
3470
3471
3480
3481
3482
3483
3484
3485
3486
3487
3496
3497
3498
3499
3500
3501
3502
3503
3512
3513
3514
3515
3516
3517
3518
3519
3528
3529
3530
3531
3532
3533
3534
3535
3544
3545
3546
3547
3548
3549
3550
3551
3560
3561
3562
3563
3564
3565
3566
3567
3576
3577
3578
3579
3580
3581
3582
3583
3592
3593
3594
3595
3596
3597
3598
3599
3608
3609
3610
3611
3612
3613
3614
3615
3624
3625
3626
3627
3628
3629
3630
3631
3640
3641
3642
3643
3644
3645
3646
3647
3656
3657
3658
3659
3660
3661
3662
3663
3672
3673
3674
3675
3676
3677
3678
3679
3688
3689
3690
3691
3692
3693
3694
3695
3704
3705
3706
3707
3708
3709
3710
3711
3720
3721
3722
3723
3724
3725
3726
3727
3736
3737
3738
3739
3740
3741
3742
3743
3752
3753
3754
3755
3756
3757
3758
3759
3768
3769
3770
3771
3772
3773
3774
3775
3784
3785
3786
3787
3788
3789
3790
3791
3800
3801
3802
3803
3804
3805
3806
3807
3816
3817
3818
3819
3820
3821
3822
3823
3832
3833
3834
3835
3836
3837
3838
3839
3848
3849
3850
3851
3852
3853
3854
3855
3864
3865
3866
3867
3868
3869
3870
3871
3880
3881
3882
3883
3884
3885
3886
3887
3896
3897
3898
3899
3900
3901
3902
3903
3912
3913
3914
3915
3916
3917
3918
3919
3928
3929
3930
3931
3932
3933
3934
3935
3944
3945
3946
3947
3948
3949
3950
3951
3960
3961
3962
3963
3964
3965
3966
3967
3976
3977
3978
3979
3980
3981
3982
3983
3992
3993
3994
3995
3996
3997
3998
3999
4008
4009
4010
4011
4012
4013
4014
4015
4024
4025
4026
4027
4028
4029
4030
4031
4040
4041
4042
4043
4044
4045
4046
4047
4056
4057
4058
4059
4060
4061
4062
4063
4072
4073
4074
4075
4076
4077
4078
4079
4088
4089
4090
4091
4092
4093
4094
4095
3072
3073
3074
3075
3076
3077
3078
3079
3088
3089
3090
3091
3092
3093
3094
3095
3104
3105
3106
3107
3108
3109
3110
3111
3120
3121
3122
3123
3124
3125
3126
3127
3136
3137
3138
3139
3140
3141
3142
3143
3152
3153
3154
3155
3156
3157
3158
3159
3168
3169
3170
3171
3172
3173
3174
3175
3184
3185
3186
3187
3188
3189
3190
3191
3200
3201
3202
3203
3204
3205
3206
3207
3216
3217
3218
3219
3220
3221
3222
3223
3232
3233
3234
3235
3236
3237
3238
3239
3248
3249
3250
3251
3252
3253
3254
3255
3264
3265
3266
3267
3268
3269
3270
3271
3280
3281
3282
3283
3284
3285
3286
3287
3296
3297
3298
3299
3300
3301
3302
3303
3312
3313
3314
3315
3316
3317
3318
3319
3328
3329
3330
3331
3332
3333
3334
3335
3344
3345
3346
3347
3348
3349
3350
3351
3360
3361
3362
3363
3364
3365
3366
3367
3376
3377
3378
3379
3380
3381
3382
3383
3392
3393
3394
3395
3396
3397
3398
3399
3408
3409
3410
3411
3412
3413
3414
3415
3424
3425
3426
3427
3428
3429
3430
3431
3440
3441
3442
3443
3444
3445
3446
3447
3456
3457
3458
3459
3460
3461
3462
3463
3472
3473
3474
3475
3476
3477
3478
3479
3488
3489
3490
3491
3492
3493
3494
3495
3504
3505
3506
3507
3508
3509
3510
3511
3520
3521
3522
3523
3524
3525
3526
3527
3536
3537
3538
3539
3540
3541
3542
3543
3552
3553
3554
3555
3556
3557
3558
3559
3568
3569
3570
3571
3572
3573
3574
3575
3584
3585
3586
3587
3588
3589
3590
3591
3600
3601
3602
3603
3604
3605
3606
3607
3616
3617
3618
3619
3620
3621
3622
3623
3632
3633
3634
3635
3636
3637
3638
3639
3648
3649
3650
3651
3652
3653
3654
3655
3664
3665
3666
3667
3668
3669
3670
3671
3680
3681
3682
3683
3684
3685
3686
3687
3696
3697
3698
3699
3700
3701
3702
3703
3712
3713
3714
3715
3716
3717
3718
3719
3728
3729
3730
3731
3732
3733
3734
3735
3744
3745
3746
3747
3748
3749
3750
3751
3760
3761
3762
3763
3764
3765
3766
3767
3776
3777
3778
3779
3780
3781
3782
3783
3792
3793
3794
3795
3796
3797
3798
3799
3808
3809
3810
3811
3812
3813
3814
3815
3824
3825
3826
3827
3828
3829
3830
3831
3840
3841
3842
3843
3844
3845
3846
3847
3856
3857
3858
3859
3860
3861
3862
3863
3872
3873
3874
3875
3876
3877
3878
3879
3888
3889
3890
3891
3892
3893
3894
3895
3904
3905
3906
3907
3908
3909
3910
3911
3920
3921
3922
3923
3924
3925
3926
3927
3936
3937
3938
3939
3940
3941
3942
3943
3952
3953
3954
3955
3956
3957
3958
3959
3968
3969
3970
3971
3972
3973
3974
3975
3984
3985
3986
3987
3988
3989
3990
3991
4000
4001
4002
4003
4004
4005
4006
4007
4016
4017
4018
4019
4020
4021
4022
4023
4032
4033
4034
4035
4036
4037
4038
4039
4048
4049
4050
4051
4052
4053
4054
4055
4064
4065
4066
4067
4068
4069
4070
4071
4080
4081
4082
4083
4084
4085
4086
4087
7184
7185
7186
7187
7188
7189
7190
7191
7192
7193
7194
7195
7196
7197
7198
7199
7248
7249
7250
7251
7252
7253
7254
7255
7256
7257
7258
7259
7260
7261
7262
7263
7312
7313
7314
7315
7316
7317
7318
7319
7320
7321
7322
7323
7324
7325
7326
7327
7376
7377
7378
7379
7380
7381
7382
7383
7384
7385
7386
7387
7388
7389
7390
7391
7440
7441
7442
7443
7444
7445
7446
7447
7448
7449
7450
7451
7452
7453
7454
7455
7504
7505
7506
7507
7508
7509
7510
7511
7512
7513
7514
7515
7516
7517
7518
7519
7568
7569
7570
7571
7572
7573
7574
7575
7576
7577
7578
7579
7580
7581
7582
7583
7632
7633
7634
7635
7636
7637
7638
7639
7640
7641
7642
7643
7644
7645
7646
7647
7696
7697
7698
7699
7700
7701
7702
7703
7704
7705
7706
7707
7708
7709
7710
7711
7760
7761
7762
7763
7764
7765
7766
7767
7768
7769
7770
7771
7772
7773
7774
7775
7824
7825
7826
7827
7828
7829
7830
7831
7832
7833
7834
7835
7836
7837
7838
7839
7888
7889
7890
7891
7892
7893
7894
7895
7896
7897
7898
7899
7900
7901
7902
7903
7952
7953
7954
7955
7956
7957
7958
7959
7960
7961
7962
7963
7964
7965
7966
7967
8016
8017
8018
8019
8020
8021
8022
8023
8024
8025
8026
8027
8028
8029
8030
8031
8080
8081
8082
8083
8084
8085
8086
8087
8088
8089
8090
8091
8092
8093
8094
8095
8144
8145
8146
8147
8148
8149
8150
8151
8152
8153
8154
8155
8156
8157
8158
8159
7200
7201
7202
7203
7204
7205
7206
7207
7208
7209
7210
7211
7212
7213
7214
7215
7216
7217
7218
7219
7220
7221
7222
7223
7224
7225
7226
7227
7228
7229
7230
7231
7264
7265
7266
7267
7268
7269
7270
7271
7272
7273
7274
7275
7276
7277
7278
7279
7280
7281
7282
7283
7284
7285
7286
7287
7288
7289
7290
7291
7292
7293
7294
7295
7328
7329
7330
7331
7332
7333
7334
7335
7336
7337
7338
7339
7340
7341
7342
7343
7344
7345
7346
7347
7348
7349
7350
7351
7352
7353
7354
7355
7356
7357
7358
7359
7392
7393
7394
7395
7396
7397
7398
7399
7400
7401
7402
7403
7404
7405
7406
7407
7408
7409
7410
7411
7412
7413
7414
7415
7416
7417
7418
7419
7420
7421
7422
7423
7456
7457
7458
7459
7460
7461
7462
7463
7464
7465
7466
7467
7468
7469
7470
7471
7472
7473
7474
7475
7476
7477
7478
7479
7480
7481
7482
7483
7484
7485
7486
7487
7520
7521
7522
7523
7524
7525
7526
7527
7528
7529
7530
7531
7532
7533
7534
7535
7536
7537
7538
7539
7540
7541
7542
7543
7544
7545
7546
7547
7548
7549
7550
7551
7584
7585
7586
7587
7588
7589
7590
7591
7592
7593
7594
7595
7596
7597
7598
7599
7600
7601
7602
7603
7604
7605
7606
7607
7608
7609
7610
7611
7612
7613
7614
7615
7648
7649
7650
7651
7652
7653
7654
7655
7656
7657
7658
7659
7660
7661
7662
7663
7664
7665
7666
7667
7668
7669
7670
7671
7672
7673
7674
7675
7676
7677
7678
7679
7712
7713
7714
7715
7716
7717
7718
7719
7720
7721
7722
7723
7724
7725
7726
7727
7728
7729
7730
7731
7732
7733
7734
7735
7736
7737
7738
7739
7740
7741
7742
7743
7776
7777
7778
7779
7780
7781
7782
7783
7784
7785
7786
7787
7788
7789
7790
7791
7792
7793
7794
7795
7796
7797
7798
7799
7800
7801
7802
7803
7804
7805
7806
7807
7840
7841
7842
7843
7844
7845
7846
7847
7848
7849
7850
7851
7852
7853
7854
7855
7856
7857
7858
7859
7860
7861
7862
7863
7864
7865
7866
7867
7868
7869
7870
7871
7904
7905
7906
7907
7908
7909
7910
7911
7912
7913
7914
7915
7916
7917
7918
7919
7920
7921
7922
7923
7924
7925
7926
7927
7928
7929
7930
7931
7932
7933
7934
7935
7968
7969
7970
7971
7972
7973
7974
7975
7976
7977
7978
7979
7980
7981
7982
7983
7984
7985
7986
7987
7988
7989
7990
7991
7992
7993
7994
7995
7996
7997
7998
7999
8032
8033
8034
8035
8036
8037
8038
8039
8040
8041
8042
8043
8044
8045
8046
8047
8048
8049
8050
8051
8052
8053
8054
8055
8056
8057
8058
8059
8060
8061
8062
8063
8096
8097
8098
8099
8100
8101
8102
8103
8104
8105
8106
8107
8108
8109
8110
8111
8112
8113
8114
8115
8116
8117
8118
8119
8120
8121
8122
8123
8124
8125
8126
8127
8160
8161
8162
8163
8164
8165
8166
8167
8168
8169
8170
8171
8172
8173
8174
8175
8176
8177
8178
8179
8180
8181
8182
8183
8184
8185
8186
8187
8188
8189
8190
8191
9216
9217
9218
9219
9220
9221
9222
9223
9224
9225
9226
9227
9228
9229
9230
9231
9232
9233
9234
9235
9236
9237
9238
9239
9240
9241
9242
9243
9244
9245
9246
9247
9248
9249
9250
9251
9252
9253
9254
9255
9256
9257
9258
9259
9260
9261
9262
9263
9264
9265
9266
9267
9268
9269
9270
9271
9272
9273
9274
9275
9276
9277
9278
9279
9280
9281
9282
9283
9284
9285
9286
9287
9288
9289
9290
9291
9292
9293
9294
9295
9296
9297
9298
9299
9300
9301
9302
9303
9304
9305
9306
9307
9308
9309
9310
9311
9312
9313
9314
9315
9316
9317
9318
9319
9320
9321
9322
9323
9324
9325
9326
9327
9328
9329
9330
9331
9332
9333
9334
9335
9336
9337
9338
9339
9340
9341
9342
9343
9344
9345
9346
9347
9348
9349
9350
9351
9352
9353
9354
9355
9356
9357
9358
9359
9360
9361
9362
9363
9364
9365
9366
9367
9368
9369
9370
9371
9372
9373
9374
9375
9376
9377
9378
9379
9380
9381
9382
9383
9384
9385
9386
9387
9388
9389
9390
9391
9392
9393
9394
9395
9396
9397
9398
9399
9400
9401
9402
9403
9404
9405
9406
9407
9408
9409
9410
9411
9412
9413
9414
9415
9416
9417
9418
9419
9420
9421
9422
9423
9424
9425
9426
9427
9428
9429
9430
9431
9432
9433
9434
9435
9436
9437
9438
9439
9440
9441
9442
9443
9444
9445
9446
9447
9448
9449
9450
9451
9452
9453
9454
9455
9456
9457
9458
9459
9460
9461
9462
9463
9464
9465
9466
9467
9468
9469
9470
9471
9728
9729
9730
9731
9732
9733
9734
9735
9736
9737
9738
9739
9740
9741
9742
9743
9744
9745
9746
9747
9748
9749
9750
9751
9752
9753
9754
9755
9756
9757
9758
9759
9760
9761
9762
9763
9764
9765
9766
9767
9768
9769
9770
9771
9772
9773
9774
9775
9776
9777
9778
9779
9780
9781
9782
9783
9784
9785
9786
9787
9788
9789
9790
9791
9792
9793
9794
9795
9796
9797
9798
9799
9800
9801
9802
9803
9804
9805
9806
9807
9808
9809
9810
9811
9812
9813
9814
9815
9816
9817
9818
9819
9820
9821
9822
9823
9824
9825
9826
9827
9828
9829
9830
9831
9832
9833
9834
9835
9836
9837
9838
9839
9840
9841
9842
9843
9844
9845
9846
9847
9848
9849
9850
9851
9852
9853
9854
9855
9856
9857
9858
9859
9860
9861
9862
9863
9864
9865
9866
9867
9868
9869
9870
9871
9872
9873
9874
9875
9876
9877
9878
9879
9880
9881
9882
9883
9884
9885
9886
9887
9888
9889
9890
9891
9892
9893
9894
9895
9896
9897
9898
9899
9900
9901
9902
9903
9904
9905
9906
9907
9908
9909
9910
9911
9912
9913
9914
9915
9916
9917
9918
9919
9920
9921
9922
9923
9924
9925
9926
9927
9928
9929
9930
9931
9932
9933
9934
9935
9936
9937
9938
9939
9940
9941
9942
9943
9944
9945
9946
9947
9948
9949
9950
9951
9952
9953
9954
9955
9956
9957
9958
9959
9960
9961
9962
9963
9964
9965
9966
9967
9968
9969
9970
9971
9972
9973
9974
9975
9976
9977
9978
9979
9980
9981
9982
9983
9472
9473
9474
9475
9476
9477
9478
9479
9480
9481
9482
9483
9484
9485
9486
9487
9488
9489
9490
9491
9492
9493
9494
9495
9496
9497
9498
9499
9500
9501
9502
9503
9504
9505
9506
9507
9508
9509
9510
9511
9512
9513
9514
9515
9516
9517
9518
9519
9520
9521
9522
9523
9524
9525
9526
9527
9528
9529
9530
9531
9532
9533
9534
9535
9536
9537
9538
9539
9540
9541
9542
9543
9544
9545
9546
9547
9548
9549
9550
9551
9552
9553
9554
9555
9556
9557
9558
9559
9560
9561
9562
9563
9564
9565
9566
9567
9568
9569
9570
9571
9572
9573
9574
9575
9576
9577
9578
9579
9580
9581
9582
9583
9584
9585
9586
9587
9588
9589
9590
9591
9592
9593
9594
9595
9596
9597
9598
9599
9600
9601
9602
9603
9604
9605
9606
9607
9608
9609
9610
9611
9612
9613
9614
9615
9616
9617
9618
9619
9620
9621
9622
9623
9624
9625
9626
9627
9628
9629
9630
9631
9632
9633
9634
9635
9636
9637
9638
9639
9640
9641
9642
9643
9644
9645
9646
9647
9648
9649
9650
9651
9652
9653
9654
9655
9656
9657
9658
9659
9660
9661
9662
9663
9664
9665
9666
9667
9668
9669
9670
9671
9672
9673
9674
9675
9676
9677
9678
9679
9680
9681
9682
9683
9684
9685
9686
9687
9688
9689
9690
9691
9692
9693
9694
9695
9696
9697
9698
9699
9700
9701
9702
9703
9704
9705
9706
9707
9708
9709
9710
9711
9712
9713
9714
9715
9716
9717
9718
9719
9720
9721
9722
9723
9724
9725
9726
9727
9984
9985
9986
9987
9988
9989
9990
9991
9992
9993
9994
9995
9996
9997
9998
9999
10000
10001
10002
10003
10004
10005
10006
10007
10008
10009
10010
10011
10012
10013
10014
10015
10016
10017
10018
10019
10020
10021
10022
10023
10024
10025
10026
10027
10028
10029
10030
10031
10032
10033
10034
10035
10036
10037
10038
10039
10040
10041
10042
10043
10044
10045
10046
10047
10048
10049
10050
10051
10052
10053
10054
10055
10056
10057
10058
10059
10060
10061
10062
10063
10064
10065
10066
10067
10068
10069
10070
10071
10072
10073
10074
10075
10076
10077
10078
10079
10080
10081
10082
10083
10084
10085
10086
10087
10088
10089
10090
10091
10092
10093
10094
10095
10096
10097
10098
10099
10100
10101
10102
10103
10104
10105
10106
10107
10108
10109
10110
10111
10112
10113
10114
10115
10116
10117
10118
10119
10120
10121
10122
10123
10124
10125
10126
10127
10128
10129
10130
10131
10132
10133
10134
10135
10136
10137
10138
10139
10140
10141
10142
10143
10144
10145
10146
10147
10148
10149
10150
10151
10152
10153
10154
10155
10156
10157
10158
10159
10160
10161
10162
10163
10164
10165
10166
10167
10168
10169
10170
10171
10172
10173
10174
10175
10176
10177
10178
10179
10180
10181
10182
10183
10184
10185
10186
10187
10188
10189
10190
10191
10192
10193
10194
10195
10196
10197
10198
10199
10200
10201
10202
10203
10204
10205
10206
10207
10208
10209
10210
10211
10212
10213
10214
10215
10216
10217
10218
10219
10220
10221
10222
10223
10224
10225
10226
10227
10228
10229
10230
10231
10232
10233
10234
10235
10236
10237
10238
10239
11776
11777
11778
11779
11780
11781
11782
11783
11784
11785
11786
11787
11788
11789
11790
11791
11792
11793
11794
11795
11796
11797
11798
11799
11800
11801
11802
11803
11804
11805
11806
11807
11808
11809
11810
11811
11812
11813
11814
11815
11816
11817
11818
11819
11820
11821
11822
11823
11824
11825
11826
11827
11828
11829
11830
11831
11832
11833
11834
11835
11836
11837
11838
11839
11840
11841
11842
11843
11844
11845
11846
11847
11848
11849
11850
11851
11852
11853
11854
11855
11856
11857
11858
11859
11860
11861
11862
11863
11864
11865
11866
11867
11868
11869
11870
11871
11872
11873
11874
11875
11876
11877
11878
11879
11880
11881
11882
11883
11884
11885
11886
11887
11888
11889
11890
11891
11892
11893
11894
11895
11896
11897
11898
11899
11900
11901
11902
11903
11904
11905
11906
11907
11908
11909
11910
11911
11912
11913
11914
11915
11916
11917
11918
11919
11920
11921
11922
11923
11924
11925
11926
11927
11928
11929
11930
11931
11932
11933
11934
11935
11936
11937
11938
11939
11940
11941
11942
11943
11944
11945
11946
11947
11948
11949
11950
11951
11952
11953
11954
11955
11956
11957
11958
11959
11960
11961
11962
11963
11964
11965
11966
11967
11968
11969
11970
11971
11972
11973
11974
11975
11976
11977
11978
11979
11980
11981
11982
11983
11984
11985
11986
11987
11988
11989
11990
11991
11992
11993
11994
11995
11996
11997
11998
11999
12000
12001
12002
12003
12004
12005
12006
12007
12008
12009
12010
12011
12012
12013
12014
12015
12016
12017
12018
12019
12020
12021
12022
12023
12024
12025
12026
12027
12028
12029
12030
12031
12032
12033
12034
12035
12036
12037
12038
12039
12040
12041
12042
12043
12044
12045
12046
12047
12048
12049
12050
12051
12052
12053
12054
12055
12056
12057
12058
12059
12060
12061
12062
12063
12064
12065
12066
12067
12068
12069
12070
12071
12072
12073
12074
12075
12076
12077
12078
12079
12080
12081
12082
12083
12084
12085
12086
12087
12088
12089
12090
12091
12092
12093
12094
12095
12096
12097
12098
12099
12100
12101
12102
12103
12104
12105
12106
12107
12108
12109
12110
12111
12112
12113
12114
12115
12116
12117
12118
12119
12120
12121
12122
12123
12124
12125
12126
12127
12128
12129
12130
12131
12132
12133
12134
12135
12136
12137
12138
12139
12140
12141
12142
12143
12144
12145
12146
12147
12148
12149
12150
12151
12152
12153
12154
12155
12156
12157
12158
12159
12160
12161
12162
12163
12164
12165
12166
12167
12168
12169
12170
12171
12172
12173
12174
12175
12176
12177
12178
12179
12180
12181
12182
12183
12184
12185
12186
12187
12188
12189
12190
12191
12192
12193
12194
12195
12196
12197
12198
12199
12200
12201
12202
12203
12204
12205
12206
12207
12208
12209
12210
12211
12212
12213
12214
12215
12216
12217
12218
12219
12220
12221
12222
12223
12224
12225
12226
12227
12228
12229
12230
12231
12232
12233
12234
12235
12236
12237
12238
12239
12240
12241
12242
12243
12244
12245
12246
12247
12248
12249
12250
12251
12252
12253
12254
12255
12256
12257
12258
12259
12260
12261
12262
12263
12264
12265
12266
12267
12268
12269
12270
12271
12272
12273
12274
12275
12276
12277
12278
12279
12280
12281
12282
12283
12284
12285
12286
12287
13602
13603
13606
13607
13610
13611
13614
13615
13618
13619
13622
13623
13626
13627
13630
13631
13666
13667
13670
13671
13674
13675
13678
13679
13682
13683
13686
13687
13690
13691
13694
13695
14114
14115
14118
14119
14122
14123
14126
14127
14130
14131
14134
14135
14138
14139
14142
14143
14178
14179
14182
14183
14186
14187
14190
14191
14194
14195
14198
14199
14202
14203
14206
14207
13352
13353
13356
13357
13368
13369
13372
13373
13416
13417
13420
13421
13432
13433
13436
13437
13480
13481
13484
13485
13496
13497
13500
13501
13544
13545
13548
13549
13560
13561
13564
13565
13608
13609
13612
13613
13624
13625
13628
13629
13672
13673
13676
13677
13688
13689
13692
13693
13736
13737
13740
13741
13752
13753
13756
13757
13800
13801
13804
13805
13816
13817
13820
13821
13864
13865
13868
13869
13880
13881
13884
13885
13928
13929
13932
13933
13944
13945
13948
13949
13992
13993
13996
13997
14008
14009
14012
14013
14056
14057
14060
14061
14072
14073
14076
14077
14120
14121
14124
14125
14136
14137
14140
14141
14184
14185
14188
14189
14200
14201
14204
14205
14248
14249
14252
14253
14264
14265
14268
14269
14312
14313
14316
14317
14328
14329
14332
14333
13344
13345
13348
13349
13360
13361
13364
13365
13408
13409
13412
13413
13424
13425
13428
13429
13472
13473
13476
13477
13488
13489
13492
13493
13536
13537
13540
13541
13552
13553
13556
13557
13600
13601
13604
13605
13616
13617
13620
13621
13664
13665
13668
13669
13680
13681
13684
13685
13728
13729
13732
13733
13744
13745
13748
13749
13792
13793
13796
13797
13808
13809
13812
13813
13856
13857
13860
13861
13872
13873
13876
13877
13920
13921
13924
13925
13936
13937
13940
13941
13984
13985
13988
13989
14000
14001
14004
14005
14048
14049
14052
14053
14064
14065
14068
14069
14112
14113
14116
14117
14128
14129
14132
14133
14176
14177
14180
14181
14192
14193
14196
14197
14240
14241
14244
14245
14256
14257
14260
14261
14304
14305
14308
14309
14320
14321
14324
14325
13346
13347
13350
13351
13354
13355
13358
13359
13362
13363
13366
13367
13370
13371
13374
13375
13410
13411
13414
13415
13418
13419
13422
13423
13426
13427
13430
13431
13434
13435
13438
13439
13858
13859
13862
13863
13866
13867
13870
13871
13874
13875
13878
13879
13882
13883
13886
13887
13922
13923
13926
13927
13930
13931
13934
13935
13938
13939
13942
13943
13946
13947
13950
13951
13824
13825
13826
13827
13828
13829
13830
13831
13832
13833
13834
13835
13836
13837
13838
13839
13840
13841
13842
13843
13844
13845
13846
13847
13848
13849
13850
13851
13852
13853
13854
13855
13888
13889
13890
13891
13892
13893
13894
13895
13896
13897
13898
13899
13900
13901
13902
13903
13904
13905
13906
13907
13908
13909
13910
13911
13912
13913
13914
13915
13916
13917
13918
13919
13952
13953
13954
13955
13956
13957
13958
13959
13960
13961
13962
13963
13964
13965
13966
13967
13968
13969
13970
13971
13972
13973
13974
13975
13976
13977
13978
13979
13980
13981
13982
13983
14016
14017
14018
14019
14020
14021
14022
14023
14024
14025
14026
14027
14028
14029
14030
14031
14032
14033
14034
14035
14036
14037
14038
14039
14040
14041
14042
14043
14044
14045
14046
14047
14080
14081
14082
14083
14084
14085
14086
14087
14088
14089
14090
14091
14092
14093
14094
14095
14096
14097
14098
14099
14100
14101
14102
14103
14104
14105
14106
14107
14108
14109
14110
14111
14144
14145
14146
14147
14148
14149
14150
14151
14152
14153
14154
14155
14156
14157
14158
14159
14160
14161
14162
14163
14164
14165
14166
14167
14168
14169
14170
14171
14172
14173
14174
14175
14208
14209
14210
14211
14212
14213
14214
14215
14216
14217
14218
14219
14220
14221
14222
14223
14224
14225
14226
14227
14228
14229
14230
14231
14232
14233
14234
14235
14236
14237
14238
14239
14272
14273
14274
14275
14276
14277
14278
14279
14280
14281
14282
14283
14284
14285
14286
14287
14288
14289
14290
14291
14292
14293
14294
14295
14296
14297
14298
14299
14300
14301
14302
14303
