1025
1027
1029
1031
1033
1035
1037
1039
1041
1043
1045
1047
1049
1051
1053
1055
1057
1059
1061
1063
1065
1067
1069
1071
1073
1075
1077
1079
1081
1083
1085
1087
1089
1091
1093
1095
1097
1099
1101
1103
1105
1107
1109
1111
1113
1115
1117
1119
1121
1123
1125
1127
1129
1131
1133
1135
1137
1139
1141
1143
1145
1147
1149
1151
1153
1155
1157
1159
1161
1163
1165
1167
1169
1171
1173
1175
1177
1179
1181
1183
1185
1187
1189
1191
1193
1195
1197
1199
1201
1203
1205
1207
1209
1211
1213
1215
1217
1219
1221
1223
1225
1227
1229
1231
1233
1235
1237
1239
1241
1243
1245
1247
1249
1251
1253
1255
1257
1259
1261
1263
1265
1267
1269
1271
1273
1275
1277
1279
1281
1283
1285
1287
1289
1291
1293
1295
1297
1299
1301
1303
1305
1307
1309
1311
1313
1315
1317
1319
1321
1323
1325
1327
1329
1331
1333
1335
1337
1339
1341
1343
1345
1347
1349
1351
1353
1355
1357
1359
1361
1363
1365
1367
1369
1371
1373
1375
1377
1379
1381
1383
1385
1387
1389
1391
1393
1395
1397
1399
1401
1403
1405
1407
1409
1411
1413
1415
1417
1419
1421
1423
1425
1427
1429
1431
1433
1435
1437
1439
1441
1443
1445
1447
1449
1451
1453
1455
1457
1459
1461
1463
1465
1467
1469
1471
1473
1475
1477
1479
1481
1483
1485
1487
1489
1491
1493
1495
1497
1499
1501
1503
1505
1507
1509
1511
1513
1515
1517
1519
1521
1523
1525
1527
1529
1531
1533
1535
1537
1539
1541
1543
1545
1547
1549
1551
1553
1555
1557
1559
1561
1563
1565
1567
1569
1571
1573
1575
1577
1579
1581
1583
1585
1587
1589
1591
1593
1595
1597
1599
1601
1603
1605
1607
1609
1611
1613
1615
1617
1619
1621
1623
1625
1627
1629
1631
1633
1635
1637
1639
1641
1643
1645
1647
1649
1651
1653
1655
1657
1659
1661
1663
1665
1667
1669
1671
1673
1675
1677
1679
1681
1683
1685
1687
1689
1691
1693
1695
1697
1699
1701
1703
1705
1707
1709
1711
1713
1715
1717
1719
1721
1723
1725
1727
1729
1731
1733
1735
1737
1739
1741
1743
1745
1747
1749
1751
1753
1755
1757
1759
1761
1763
1765
1767
1769
1771
1773
1775
1777
1779
1781
1783
1785
1787
1789
1791
1793
1795
1797
1799
1801
1803
1805
1807
1809
1811
1813
1815
1817
1819
1821
1823
1825
1827
1829
1831
1833
1835
1837
1839
1841
1843
1845
1847
1849
1851
1853
1855
1857
1859
1861
1863
1865
1867
1869
1871
1873
1875
1877
1879
1881
1883
1885
1887
1889
1891
1893
1895
1897
1899
1901
1903
1905
1907
1909
1911
1913
1915
1917
1919
1921
1923
1925
1927
1929
1931
1933
1935
1937
1939
1941
1943
1945
1947
1949
1951
1953
1955
1957
1959
1961
1963
1965
1967
1969
1971
1973
1975
1977
1979
1981
1983
1985
1987
1989
1991
1993
1995
1997
1999
2001
2003
2005
2007
2009
2011
2013
2015
2017
2019
2021
2023
2025
2027
2029
2031
2033
2035
2037
2039
2041
2043
2045
2047
1028
1029
1030
1031
1036
1037
1038
1039
1044
1045
1046
1047
1052
1053
1054
1055
1060
1061
1062
1063
1068
1069
1070
1071
1076
1077
1078
1079
1084
1085
1086
1087
1092
1093
1094
1095
1100
1101
1102
1103
1108
1109
1110
1111
1116
1117
1118
1119
1124
1125
1126
1127
1132
1133
1134
1135
1140
1141
1142
1143
1148
1149
1150
1151
1156
1157
1158
1159
1164
1165
1166
1167
1172
1173
1174
1175
1180
1181
1182
1183
1188
1189
1190
1191
1196
1197
1198
1199
1204
1205
1206
1207
1212
1213
1214
1215
1220
1221
1222
1223
1228
1229
1230
1231
1236
1237
1238
1239
1244
1245
1246
1247
1252
1253
1254
1255
1260
1261
1262
1263
1268
1269
1270
1271
1276
1277
1278
1279
1284
1285
1286
1287
1292
1293
1294
1295
1300
1301
1302
1303
1308
1309
1310
1311
1316
1317
1318
1319
1324
1325
1326
1327
1332
1333
1334
1335
1340
1341
1342
1343
1348
1349
1350
1351
1356
1357
1358
1359
1364
1365
1366
1367
1372
1373
1374
1375
1380
1381
1382
1383
1388
1389
1390
1391
1396
1397
1398
1399
1404
1405
1406
1407
1412
1413
1414
1415
1420
1421
1422
1423
1428
1429
1430
1431
1436
1437
1438
1439
1444
1445
1446
1447
1452
1453
1454
1455
1460
1461
1462
1463
1468
1469
1470
1471
1476
1477
1478
1479
1484
1485
1486
1487
1492
1493
1494
1495
1500
1501
1502
1503
1508
1509
1510
1511
1516
1517
1518
1519
1524
1525
1526
1527
1532
1533
1534
1535
1540
1541
1542
1543
1548
1549
1550
1551
1556
1557
1558
1559
1564
1565
1566
1567
1572
1573
1574
1575
1580
1581
1582
1583
1588
1589
1590
1591
1596
1597
1598
1599
1604
1605
1606
1607
1612
1613
1614
1615
1620
1621
1622
1623
1628
1629
1630
1631
1636
1637
1638
1639
1644
1645
1646
1647
1652
1653
1654
1655
1660
1661
1662
1663
1668
1669
1670
1671
1676
1677
1678
1679
1684
1685
1686
1687
1692
1693
1694
1695
1700
1701
1702
1703
1708
1709
1710
1711
1716
1717
1718
1719
1724
1725
1726
1727
1732
1733
1734
1735
1740
1741
1742
1743
1748
1749
1750
1751
1756
1757
1758
1759
1764
1765
1766
1767
1772
1773
1774
1775
1780
1781
1782
1783
1788
1789
1790
1791
1796
1797
1798
1799
1804
1805
1806
1807
1812
1813
1814
1815
1820
1821
1822
1823
1828
1829
1830
1831
1836
1837
1838
1839
1844
1845
1846
1847
1852
1853
1854
1855
1860
1861
1862
1863
1868
1869
1870
1871
1876
1877
1878
1879
1884
1885
1886
1887
1892
1893
1894
1895
1900
1901
1902
1903
1908
1909
1910
1911
1916
1917
1918
1919
1924
1925
1926
1927
1932
1933
1934
1935
1940
1941
1942
1943
1948
1949
1950
1951
1956
1957
1958
1959
1964
1965
1966
1967
1972
1973
1974
1975
1980
1981
1982
1983
1988
1989
1990
1991
1996
1997
1998
1999
2004
2005
2006
2007
2012
2013
2014
2015
2020
2021
2022
2023
2028
2029
2030
2031
2036
2037
2038
2039
2044
2045
2046
2047
1026
1027
1030
1031
1034
1035
1038
1039
1042
1043
1046
1047
1050
1051
1054
1055
1058
1059
1062
1063
1066
1067
1070
1071
1074
1075
1078
1079
1082
1083
1086
1087
1090
1091
1094
1095
1098
1099
1102
1103
1106
1107
1110
1111
1114
1115
1118
1119
1122
1123
1126
1127
1130
1131
1134
1135
1138
1139
1142
1143
1146
1147
1150
1151
1154
1155
1158
1159
1162
1163
1166
1167
1170
1171
1174
1175
1178
1179
1182
1183
1186
1187
1190
1191
1194
1195
1198
1199
1202
1203
1206
1207
1210
1211
1214
1215
1218
1219
1222
1223
1226
1227
1230
1231
1234
1235
1238
1239
1242
1243
1246
1247
1250
1251
1254
1255
1258
1259
1262
1263
1266
1267
1270
1271
1274
1275
1278
1279
1282
1283
1286
1287
1290
1291
1294
1295
1298
1299
1302
1303
1306
1307
1310
1311
1314
1315
1318
1319
1322
1323
1326
1327
1330
1331
1334
1335
1338
1339
1342
1343
1346
1347
1350
1351
1354
1355
1358
1359
1362
1363
1366
1367
1370
1371
1374
1375
1378
1379
1382
1383
1386
1387
1390
1391
1394
1395
1398
1399
1402
1403
1406
1407
1410
1411
1414
1415
1418
1419
1422
1423
1426
1427
1430
1431
1434
1435
1438
1439
1442
1443
1446
1447
1450
1451
1454
1455
1458
1459
1462
1463
1466
1467
1470
1471
1474
1475
1478
1479
1482
1483
1486
1487
1490
1491
1494
1495
1498
1499
1502
1503
1506
1507
1510
1511
1514
1515
1518
1519
1522
1523
1526
1527
1530
1531
1534
1535
1538
1539
1542
1543
1546
1547
1550
1551
1554
1555
1558
1559
1562
1563
1566
1567
1570
1571
1574
1575
1578
1579
1582
1583
1586
1587
1590
1591
1594
1595
1598
1599
1602
1603
1606
1607
1610
1611
1614
1615
1618
1619
1622
1623
1626
1627
1630
1631
1634
1635
1638
1639
1642
1643
1646
1647
1650
1651
1654
1655
1658
1659
1662
1663
1666
1667
1670
1671
1674
1675
1678
1679
1682
1683
1686
1687
1690
1691
1694
1695
1698
1699
1702
1703
1706
1707
1710
1711
1714
1715
1718
1719
1722
1723
1726
1727
1730
1731
1734
1735
1738
1739
1742
1743
1746
1747
1750
1751
1754
1755
1758
1759
1762
1763
1766
1767
1770
1771
1774
1775
1778
1779
1782
1783
1786
1787
1790
1791
1794
1795
1798
1799
1802
1803
1806
1807
1810
1811
1814
1815
1818
1819
1822
1823
1826
1827
1830
1831
1834
1835
1838
1839
1842
1843
1846
1847
1850
1851
1854
1855
1858
1859
1862
1863
1866
1867
1870
1871
1874
1875
1878
1879
1882
1883
1886
1887
1890
1891
1894
1895
1898
1899
1902
1903
1906
1907
1910
1911
1914
1915
1918
1919
1922
1923
1926
1927
1930
1931
1934
1935
1938
1939
1942
1943
1946
1947
1950
1951
1954
1955
1958
1959
1962
1963
1966
1967
1970
1971
1974
1975
1978
1979
1982
1983
1986
1987
1990
1991
1994
1995
1998
1999
2002
2003
2006
2007
2010
2011
2014
2015
2018
2019
2022
2023
2026
2027
2030
2031
2034
2035
2038
2039
2042
2043
2046
2047
4112
4113
4114
4115
4116
4117
4118
4119
4120
4121
4122
4123
4124
4125
4126
4127
4144
4145
4146
4147
4148
4149
4150
4151
4152
4153
4154
4155
4156
4157
4158
4159
4176
4177
4178
4179
4180
4181
4182
4183
4184
4185
4186
4187
4188
4189
4190
4191
4208
4209
4210
4211
4212
4213
4214
4215
4216
4217
4218
4219
4220
4221
4222
4223
4240
4241
4242
4243
4244
4245
4246
4247
4248
4249
4250
4251
4252
4253
4254
4255
4272
4273
4274
4275
4276
4277
4278
4279
4280
4281
4282
4283
4284
4285
4286
4287
4304
4305
4306
4307
4308
4309
4310
4311
4312
4313
4314
4315
4316
4317
4318
4319
4336
4337
4338
4339
4340
4341
4342
4343
4344
4345
4346
4347
4348
4349
4350
4351
4368
4369
4370
4371
4372
4373
4374
4375
4376
4377
4378
4379
4380
4381
4382
4383
4400
4401
4402
4403
4404
4405
4406
4407
4408
4409
4410
4411
4412
4413
4414
4415
4432
4433
4434
4435
4436
4437
4438
4439
4440
4441
4442
4443
4444
4445
4446
4447
4464
4465
4466
4467
4468
4469
4470
4471
4472
4473
4474
4475
4476
4477
4478
4479
4496
4497
4498
4499
4500
4501
4502
4503
4504
4505
4506
4507
4508
4509
4510
4511
4528
4529
4530
4531
4532
4533
4534
4535
4536
4537
4538
4539
4540
4541
4542
4543
4560
4561
4562
4563
4564
4565
4566
4567
4568
4569
4570
4571
4572
4573
4574
4575
4592
4593
4594
4595
4596
4597
4598
4599
4600
4601
4602
4603
4604
4605
4606
4607
4624
4625
4626
4627
4628
4629
4630
4631
4632
4633
4634
4635
4636
4637
4638
4639
4656
4657
4658
4659
4660
4661
4662
4663
4664
4665
4666
4667
4668
4669
4670
4671
4688
4689
4690
4691
4692
4693
4694
4695
4696
4697
4698
4699
4700
4701
4702
4703
4720
4721
4722
4723
4724
4725
4726
4727
4728
4729
4730
4731
4732
4733
4734
4735
4752
4753
4754
4755
4756
4757
4758
4759
4760
4761
4762
4763
4764
4765
4766
4767
4784
4785
4786
4787
4788
4789
4790
4791
4792
4793
4794
4795
4796
4797
4798
4799
4816
4817
4818
4819
4820
4821
4822
4823
4824
4825
4826
4827
4828
4829
4830
4831
4848
4849
4850
4851
4852
4853
4854
4855
4856
4857
4858
4859
4860
4861
4862
4863
4880
4881
4882
4883
4884
4885
4886
4887
4888
4889
4890
4891
4892
4893
4894
4895
4912
4913
4914
4915
4916
4917
4918
4919
4920
4921
4922
4923
4924
4925
4926
4927
4944
4945
4946
4947
4948
4949
4950
4951
4952
4953
4954
4955
4956
4957
4958
4959
4976
4977
4978
4979
4980
4981
4982
4983
4984
4985
4986
4987
4988
4989
4990
4991
5008
5009
5010
5011
5012
5013
5014
5015
5016
5017
5018
5019
5020
5021
5022
5023
5040
5041
5042
5043
5044
5045
5046
5047
5048
5049
5050
5051
5052
5053
5054
5055
5072
5073
5074
5075
5076
5077
5078
5079
5080
5081
5082
5083
5084
5085
5086
5087
5104
5105
5106
5107
5108
5109
5110
5111
5112
5113
5114
5115
5116
5117
5118
5119
5120
5121
5122
5123
5124
5125
5126
5127
5128
5129
5130
5131
5132
5133
5134
5135
5136
5137
5138
5139
5140
5141
5142
5143
5144
5145
5146
5147
5148
5149
5150
5151
5152
5153
5154
5155
5156
5157
5158
5159
5160
5161
5162
5163
5164
5165
5166
5167
5168
5169
5170
5171
5172
5173
5174
5175
5176
5177
5178
5179
5180
5181
5182
5183
5184
5185
5186
5187
5188
5189
5190
5191
5192
5193
5194
5195
5196
5197
5198
5199
5200
5201
5202
5203
5204
5205
5206
5207
5208
5209
5210
5211
5212
5213
5214
5215
5216
5217
5218
5219
5220
5221
5222
5223
5224
5225
5226
5227
5228
5229
5230
5231
5232
5233
5234
5235
5236
5237
5238
5239
5240
5241
5242
5243
5244
5245
5246
5247
5248
5249
5250
5251
5252
5253
5254
5255
5256
5257
5258
5259
5260
5261
5262
5263
5264
5265
5266
5267
5268
5269
5270
5271
5272
5273
5274
5275
5276
5277
5278
5279
5280
5281
5282
5283
5284
5285
5286
5287
5288
5289
5290
5291
5292
5293
5294
5295
5296
5297
5298
5299
5300
5301
5302
5303
5304
5305
5306
5307
5308
5309
5310
5311
5312
5313
5314
5315
5316
5317
5318
5319
5320
5321
5322
5323
5324
5325
5326
5327
5328
5329
5330
5331
5332
5333
5334
5335
5336
5337
5338
5339
5340
5341
5342
5343
5344
5345
5346
5347
5348
5349
5350
5351
5352
5353
5354
5355
5356
5357
5358
5359
5360
5361
5362
5363
5364
5365
5366
5367
5368
5369
5370
5371
5372
5373
5374
5375
5376
5377
5378
5379
5380
5381
5382
5383
5384
5385
5386
5387
5388
5389
5390
5391
5392
5393
5394
5395
5396
5397
5398
5399
5400
5401
5402
5403
5404
5405
5406
5407
5408
5409
5410
5411
5412
5413
5414
5415
5416
5417
5418
5419
5420
5421
5422
5423
5424
5425
5426
5427
5428
5429
5430
5431
5432
5433
5434
5435
5436
5437
5438
5439
5440
5441
5442
5443
5444
5445
5446
5447
5448
5449
5450
5451
5452
5453
5454
5455
5456
5457
5458
5459
5460
5461
5462
5463
5464
5465
5466
5467
5468
5469
5470
5471
5472
5473
5474
5475
5476
5477
5478
5479
5480
5481
5482
5483
5484
5485
5486
5487
5488
5489
5490
5491
5492
5493
5494
5495
5496
5497
5498
5499
5500
5501
5502
5503
5504
5505
5506
5507
5508
5509
5510
5511
5512
5513
5514
5515
5516
5517
5518
5519
5520
5521
5522
5523
5524
5525
5526
5527
5528
5529
5530
5531
5532
5533
5534
5535
5536
5537
5538
5539
5540
5541
5542
5543
5544
5545
5546
5547
5548
5549
5550
5551
5552
5553
5554
5555
5556
5557
5558
5559
5560
5561
5562
5563
5564
5565
5566
5567
5568
5569
5570
5571
5572
5573
5574
5575
5576
5577
5578
5579
5580
5581
5582
5583
5584
5585
5586
5587
5588
5589
5590
5591
5592
5593
5594
5595
5596
5597
5598
5599
5600
5601
5602
5603
5604
5605
5606
5607
5608
5609
5610
5611
5612
5613
5614
5615
5616
5617
5618
5619
5620
5621
5622
5623
5624
5625
5626
5627
5628
5629
5630
5631
5632
5633
5634
5635
5636
5637
5638
5639
5640
5641
5642
5643
5644
5645
5646
5647
5648
5649
5650
5651
5652
5653
5654
5655
5656
5657
5658
5659
5660
5661
5662
5663
5664
5665
5666
5667
5668
5669
5670
5671
5672
5673
5674
5675
5676
5677
5678
5679
5680
5681
5682
5683
5684
5685
5686
5687
5688
5689
5690
5691
5692
5693
5694
5695
5696
5697
5698
5699
5700
5701
5702
5703
5704
5705
5706
5707
5708
5709
5710
5711
5712
5713
5714
5715
5716
5717
5718
5719
5720
5721
5722
5723
5724
5725
5726
5727
5728
5729
5730
5731
5732
5733
5734
5735
5736
5737
5738
5739
5740
5741
5742
5743
5744
5745
5746
5747
5748
5749
5750
5751
5752
5753
5754
5755
5756
5757
5758
5759
5760
5761
5762
5763
5764
5765
5766
5767
5768
5769
5770
5771
5772
5773
5774
5775
5776
5777
5778
5779
5780
5781
5782
5783
5784
5785
5786
5787
5788
5789
5790
5791
5792
5793
5794
5795
5796
5797
5798
5799
5800
5801
5802
5803
5804
5805
5806
5807
5808
5809
5810
5811
5812
5813
5814
5815
5816
5817
5818
5819
5820
5821
5822
5823
5824
5825
5826
5827
5828
5829
5830
5831
5832
5833
5834
5835
5836
5837
5838
5839
5840
5841
5842
5843
5844
5845
5846
5847
5848
5849
5850
5851
5852
5853
5854
5855
5856
5857
5858
5859
5860
5861
5862
5863
5864
5865
5866
5867
5868
5869
5870
5871
5872
5873
5874
5875
5876
5877
5878
5879
5880
5881
5882
5883
5884
5885
5886
5887
5888
5889
5890
5891
5892
5893
5894
5895
5896
5897
5898
5899
5900
5901
5902
5903
5904
5905
5906
5907
5908
5909
5910
5911
5912
5913
5914
5915
5916
5917
5918
5919
5920
5921
5922
5923
5924
5925
5926
5927
5928
5929
5930
5931
5932
5933
5934
5935
5936
5937
5938
5939
5940
5941
5942
5943
5944
5945
5946
5947
5948
5949
5950
5951
5952
5953
5954
5955
5956
5957
5958
5959
5960
5961
5962
5963
5964
5965
5966
5967
5968
5969
5970
5971
5972
5973
5974
5975
5976
5977
5978
5979
5980
5981
5982
5983
5984
5985
5986
5987
5988
5989
5990
5991
5992
5993
5994
5995
5996
5997
5998
5999
6000
6001
6002
6003
6004
6005
6006
6007
6008
6009
6010
6011
6012
6013
6014
6015
6016
6017
6018
6019
6020
6021
6022
6023
6024
6025
6026
6027
6028
6029
6030
6031
6032
6033
6034
6035
6036
6037
6038
6039
6040
6041
6042
6043
6044
6045
6046
6047
6048
6049
6050
6051
6052
6053
6054
6055
6056
6057
6058
6059
6060
6061
6062
6063
6064
6065
6066
6067
6068
6069
6070
6071
6072
6073
6074
6075
6076
6077
6078
6079
6080
6081
6082
6083
6084
6085
6086
6087
6088
6089
6090
6091
6092
6093
6094
6095
6096
6097
6098
6099
6100
6101
6102
6103
6104
6105
6106
6107
6108
6109
6110
6111
6112
6113
6114
6115
6116
6117
6118
6119
6120
6121
6122
6123
6124
6125
6126
6127
6128
6129
6130
6131
6132
6133
6134
6135
6136
6137
6138
6139
6140
6141
6142
6143
8449
8451
8453
8455
8457
8459
8461
8463
8465
8467
8469
8471
8473
8475
8477
8479
8481
8483
8485
8487
8489
8491
8493
8495
8497
8499
8501
8503
8505
8507
8509
8511
8577
8579
8581
8583
8585
8587
8589
8591
8593
8595
8597
8599
8601
8603
8605
8607
8609
8611
8613
8615
8617
8619
8621
8623
8625
8627
8629
8631
8633
8635
8637
8639
8961
8963
8965
8967
8969
8971
8973
8975
8977
8979
8981
8983
8985
8987
8989
8991
8993
8995
8997
8999
9001
9003
9005
9007
9009
9011
9013
9015
9017
9019
9021
9023
9089
9091
9093
9095
9097
9099
9101
9103
9105
9107
9109
9111
9113
9115
9117
9119
9121
9123
9125
9127
9129
9131
9133
9135
9137
9139
9141
9143
9145
9147
9149
9151
8448
8452
8456
8460
8464
8468
8472
8476
8480
8484
8488
8492
8496
8500
8504
8508
8512
8516
8520
8524
8528
8532
8536
8540
8544
8548
8552
8556
8560
8564
8568
8572
8576
8580
8584
8588
8592
8596
8600
8604
8608
8612
8616
8620
8624
8628
8632
8636
8640
8644
8648
8652
8656
8660
8664
8668
8672
8676
8680
8684
8688
8692
8696
8700
8960
8964
8968
8972
8976
8980
8984
8988
8992
8996
9000
9004
9008
9012
9016
9020
9024
9028
9032
9036
9040
9044
9048
9052
9056
9060
9064
9068
9072
9076
9080
9084
9088
9092
9096
9100
9104
9108
9112
9116
9120
9124
9128
9132
9136
9140
9144
9148
9152
9156
9160
9164
9168
9172
9176
9180
9184
9188
9192
9196
9200
9204
9208
9212
8450
8454
8458
8462
8466
8470
8474
8478
8482
8486
8490
8494
8498
8502
8506
8510
8514
8518
8522
8526
8530
8534
8538
8542
8546
8550
8554
8558
8562
8566
8570
8574
8962
8966
8970
8974
8978
8982
8986
8990
8994
8998
9002
9006
9010
9014
9018
9022
9026
9030
9034
9038
9042
9046
9050
9054
9058
9062
9066
9070
9074
9078
9082
9086
9472
9473
9474
9475
9476
9477
9478
9479
9480
9481
9482
9483
9484
9485
9486
9487
9488
9489
9490
9491
9492
9493
9494
9495
9496
9497
9498
9499
9500
9501
9502
9503
9504
9505
9506
9507
9508
9509
9510
9511
9512
9513
9514
9515
9516
9517
9518
9519
9520
9521
9522
9523
9524
9525
9526
9527
9528
9529
9530
9531
9532
9533
9534
9535
9536
9537
9538
9539
9540
9541
9542
9543
9544
9545
9546
9547
9548
9549
9550
9551
9552
9553
9554
9555
9556
9557
9558
9559
9560
9561
9562
9563
9564
9565
9566
9567
9568
9569
9570
9571
9572
9573
9574
9575
9576
9577
9578
9579
9580
9581
9582
9583
9584
9585
9586
9587
9588
9589
9590
9591
9592
9593
9594
9595
9596
9597
9598
9599
9600
9601
9602
9603
9604
9605
9606
9607
9608
9609
9610
9611
9612
9613
9614
9615
9616
9617
9618
9619
9620
9621
9622
9623
9624
9625
9626
9627
9628
9629
9630
9631
9632
9633
9634
9635
9636
9637
9638
9639
9640
9641
9642
9643
9644
9645
9646
9647
9648
9649
9650
9651
9652
9653
9654
9655
9656
9657
9658
9659
9660
9661
9662
9663
9664
9665
9666
9667
9668
9669
9670
9671
9672
9673
9674
9675
9676
9677
9678
9679
9680
9681
9682
9683
9684
9685
9686
9687
9688
9689
9690
9691
9692
9693
9694
9695
9696
9697
9698
9699
9700
9701
9702
9703
9704
9705
9706
9707
9708
9709
9710
9711
9712
9713
9714
9715
9716
9717
9718
9719
9720
9721
9722
9723
9724
9725
9726
9727
9984
9985
9986
9987
9988
9989
9990
9991
9992
9993
9994
9995
9996
9997
9998
9999
10000
10001
10002
10003
10004
10005
10006
10007
10008
10009
10010
10011
10012
10013
10014
10015
10016
10017
10018
10019
10020
10021
10022
10023
10024
10025
10026
10027
10028
10029
10030
10031
10032
10033
10034
10035
10036
10037
10038
10039
10040
10041
10042
10043
10044
10045
10046
10047
10048
10049
10050
10051
10052
10053
10054
10055
10056
10057
10058
10059
10060
10061
10062
10063
10064
10065
10066
10067
10068
10069
10070
10071
10072
10073
10074
10075
10076
10077
10078
10079
10080
10081
10082
10083
10084
10085
10086
10087
10088
10089
10090
10091
10092
10093
10094
10095
10096
10097
10098
10099
10100
10101
10102
10103
10104
10105
10106
10107
10108
10109
10110
10111
10112
10113
10114
10115
10116
10117
10118
10119
10120
10121
10122
10123
10124
10125
10126
10127
10128
10129
10130
10131
10132
10133
10134
10135
10136
10137
10138
10139
10140
10141
10142
10143
10144
10145
10146
10147
10148
10149
10150
10151
10152
10153
10154
10155
10156
10157
10158
10159
10160
10161
10162
10163
10164
10165
10166
10167
10168
10169
10170
10171
10172
10173
10174
10175
10176
10177
10178
10179
10180
10181
10182
10183
10184
10185
10186
10187
10188
10189
10190
10191
10192
10193
10194
10195
10196
10197
10198
10199
10200
10201
10202
10203
10204
10205
10206
10207
10208
10209
10210
10211
10212
10213
10214
10215
10216
10217
10218
10219
10220
10221
10222
10223
10224
10225
10226
10227
10228
10229
10230
10231
10232
10233
10234
10235
10236
10237
10238
10239
13602
13603
13606
13607
13610
13611
13614
13615
13618
13619
13622
13623
13626
13627
13630
13631
13666
13667
13670
13671
13674
13675
13678
13679
13682
13683
13686
13687
13690
13691
13694
13695
14114
14115
14118
14119
14122
14123
14126
14127
14130
14131
14134
14135
14138
14139
14142
14143
14178
14179
14182
14183
14186
14187
14190
14191
14194
14195
14198
14199
14202
14203
14206
14207
13344
13345
13348
13349
13360
13361
13364
13365
13408
13409
13412
13413
13424
13425
13428
13429
13472
13473
13476
13477
13488
13489
13492
13493
13536
13537
13540
13541
13552
13553
13556
13557
13600
13601
13604
13605
13616
13617
13620
13621
13664
13665
13668
13669
13680
13681
13684
13685
13728
13729
13732
13733
13744
13745
13748
13749
13792
13793
13796
13797
13808
13809
13812
13813
13856
13857
13860
13861
13872
13873
13876
13877
13920
13921
13924
13925
13936
13937
13940
13941
13984
13985
13988
13989
14000
14001
14004
14005
14048
14049
14052
14053
14064
14065
14068
14069
14112
14113
14116
14117
14128
14129
14132
14133
14176
14177
14180
14181
14192
14193
14196
14197
14240
14241
14244
14245
14256
14257
14260
14261
14304
14305
14308
14309
14320
14321
14324
14325
