3080
3081
3082
3083
3084
3085
3086
3087
3096
3097
3098
3099
3100
3101
3102
3103
3112
3113
3114
3115
3116
3117
3118
3119
3128
3129
3130
3131
3132
3133
3134
3135
3144
3145
3146
3147
3148
3149
3150
3151
3160
3161
3162
3163
3164
3165
3166
3167
3176
3177
3178
3179
3180
3181
3182
3183
3192
3193
3194
3195
3196
3197
3198
3199
3208
3209
3210
3211
3212
3213
3214
3215
3224
3225
3226
3227
3228
3229
3230
3231
3240
3241
3242
3243
3244
3245
3246
3247
3256
3257
3258
3259
3260
3261
3262
3263
3272
3273
3274
3275
3276
3277
3278
3279
3288
3289
3290
3291
3292
3293
3294
3295
3304
3305
3306
3307
3308
3309
3310
3311
3320
3321
3322
3323
3324
3325
3326
3327
3336
3337
3338
3339
3340
3341
3342
3343
3352
3353
3354
3355
3356
3357
3358
3359
3368
3369
3370
3371
3372
3373
3374
3375
3384
3385
3386
3387
3388
3389
3390
3391
3400
3401
3402
3403
3404
3405
3406
3407
3416
3417
3418
3419
3420
3421
3422
3423
3432
3433
3434
3435
3436
3437
3438
3439
3448
3449
3450
3451
3452
3453
3454
3455
3464
3465
3466
3467
3468
3469
3470
3471
3480
3481
3482
3483
3484
3485
3486
3487
3496
3497
3498
3499
3500
3501
3502
3503
3512
3513
3514
3515
3516
3517
3518
3519
3528
3529
3530
3531
3532
3533
3534
3535
3544
3545
3546
3547
3548
3549
3550
3551
3560
3561
3562
3563
3564
3565
3566
3567
3576
3577
3578
3579
3580
3581
3582
3583
3592
3593
3594
3595
3596
3597
3598
3599
3608
3609
3610
3611
3612
3613
3614
3615
3624
3625
3626
3627
3628
3629
3630
3631
3640
3641
3642
3643
3644
3645
3646
3647
3656
3657
3658
3659
3660
3661
3662
3663
3672
3673
3674
3675
3676
3677
3678
3679
3688
3689
3690
3691
3692
3693
3694
3695
3704
3705
3706
3707
3708
3709
3710
3711
3720
3721
3722
3723
3724
3725
3726
3727
3736
3737
3738
3739
3740
3741
3742
3743
3752
3753
3754
3755
3756
3757
3758
3759
3768
3769
3770
3771
3772
3773
3774
3775
3784
3785
3786
3787
3788
3789
3790
3791
3800
3801
3802
3803
3804
3805
3806
3807
3816
3817
3818
3819
3820
3821
3822
3823
3832
3833
3834
3835
3836
3837
3838
3839
3848
3849
3850
3851
3852
3853
3854
3855
3864
3865
3866
3867
3868
3869
3870
3871
3880
3881
3882
3883
3884
3885
3886
3887
3896
3897
3898
3899
3900
3901
3902
3903
3912
3913
3914
3915
3916
3917
3918
3919
3928
3929
3930
3931
3932
3933
3934
3935
3944
3945
3946
3947
3948
3949
3950
3951
3960
3961
3962
3963
3964
3965
3966
3967
3976
3977
3978
3979
3980
3981
3982
3983
3992
3993
3994
3995
3996
3997
3998
3999
4008
4009
4010
4011
4012
4013
4014
4015
4024
4025
4026
4027
4028
4029
4030
4031
4040
4041
4042
4043
4044
4045
4046
4047
4056
4057
4058
4059
4060
4061
4062
4063
4072
4073
4074
4075
4076
4077
4078
4079
4088
4089
4090
4091
4092
4093
4094
4095
3072
3073
3074
3075
3076
3077
3078
3079
3088
3089
3090
3091
3092
3093
3094
3095
3104
3105
3106
3107
3108
3109
3110
3111
3120
3121
3122
3123
3124
3125
3126
3127
3136
3137
3138
3139
3140
3141
3142
3143
3152
3153
3154
3155
3156
3157
3158
3159
3168
3169
3170
3171
3172
3173
3174
3175
3184
3185
3186
3187
3188
3189
3190
3191
3200
3201
3202
3203
3204
3205
3206
3207
3216
3217
3218
3219
3220
3221
3222
3223
3232
3233
3234
3235
3236
3237
3238
3239
3248
3249
3250
3251
3252
3253
3254
3255
3264
3265
3266
3267
3268
3269
3270
3271
3280
3281
3282
3283
3284
3285
3286
3287
3296
3297
3298
3299
3300
3301
3302
3303
3312
3313
3314
3315
3316
3317
3318
3319
3328
3329
3330
3331
3332
3333
3334
3335
3344
3345
3346
3347
3348
3349
3350
3351
3360
3361
3362
3363
3364
3365
3366
3367
3376
3377
3378
3379
3380
3381
3382
3383
3392
3393
3394
3395
3396
3397
3398
3399
3408
3409
3410
3411
3412
3413
3414
3415
3424
3425
3426
3427
3428
3429
3430
3431
3440
3441
3442
3443
3444
3445
3446
3447
3456
3457
3458
3459
3460
3461
3462
3463
3472
3473
3474
3475
3476
3477
3478
3479
3488
3489
3490
3491
3492
3493
3494
3495
3504
3505
3506
3507
3508
3509
3510
3511
3520
3521
3522
3523
3524
3525
3526
3527
3536
3537
3538
3539
3540
3541
3542
3543
3552
3553
3554
3555
3556
3557
3558
3559
3568
3569
3570
3571
3572
3573
3574
3575
3584
3585
3586
3587
3588
3589
3590
3591
3600
3601
3602
3603
3604
3605
3606
3607
3616
3617
3618
3619
3620
3621
3622
3623
3632
3633
3634
3635
3636
3637
3638
3639
3648
3649
3650
3651
3652
3653
3654
3655
3664
3665
3666
3667
3668
3669
3670
3671
3680
3681
3682
3683
3684
3685
3686
3687
3696
3697
3698
3699
3700
3701
3702
3703
3712
3713
3714
3715
3716
3717
3718
3719
3728
3729
3730
3731
3732
3733
3734
3735
3744
3745
3746
3747
3748
3749
3750
3751
3760
3761
3762
3763
3764
3765
3766
3767
3776
3777
3778
3779
3780
3781
3782
3783
3792
3793
3794
3795
3796
3797
3798
3799
3808
3809
3810
3811
3812
3813
3814
3815
3824
3825
3826
3827
3828
3829
3830
3831
3840
3841
3842
3843
3844
3845
3846
3847
3856
3857
3858
3859
3860
3861
3862
3863
3872
3873
3874
3875
3876
3877
3878
3879
3888
3889
3890
3891
3892
3893
3894
3895
3904
3905
3906
3907
3908
3909
3910
3911
3920
3921
3922
3923
3924
3925
3926
3927
3936
3937
3938
3939
3940
3941
3942
3943
3952
3953
3954
3955
3956
3957
3958
3959
3968
3969
3970
3971
3972
3973
3974
3975
3984
3985
3986
3987
3988
3989
3990
3991
4000
4001
4002
4003
4004
4005
4006
4007
4016
4017
4018
4019
4020
4021
4022
4023
4032
4033
4034
4035
4036
4037
4038
4039
4048
4049
4050
4051
4052
4053
4054
4055
4064
4065
4066
4067
4068
4069
4070
4071
4080
4081
4082
4083
4084
4085
4086
4087
11264
11265
11266
11267
11268
11269
11270
11271
11272
11273
11274
11275
11276
11277
11278
11279
11280
11281
11282
11283
11284
11285
11286
11287
11288
11289
11290
11291
11292
11293
11294
11295
11296
11297
11298
11299
11300
11301
11302
11303
11304
11305
11306
11307
11308
11309
11310
11311
11312
11313
11314
11315
11316
11317
11318
11319
11320
11321
11322
11323
11324
11325
11326
11327
11328
11329
11330
11331
11332
11333
11334
11335
11336
11337
11338
11339
11340
11341
11342
11343
11344
11345
11346
11347
11348
11349
11350
11351
11352
11353
11354
11355
11356
11357
11358
11359
11360
11361
11362
11363
11364
11365
11366
11367
11368
11369
11370
11371
11372
11373
11374
11375
11376
11377
11378
11379
11380
11381
11382
11383
11384
11385
11386
11387
11388
11389
11390
11391
11392
11393
11394
11395
11396
11397
11398
11399
11400
11401
11402
11403
11404
11405
11406
11407
11408
11409
11410
11411
11412
11413
11414
11415
11416
11417
11418
11419
11420
11421
11422
11423
11424
11425
11426
11427
11428
11429
11430
11431
11432
11433
11434
11435
11436
11437
11438
11439
11440
11441
11442
11443
11444
11445
11446
11447
11448
11449
11450
11451
11452
11453
11454
11455
11456
11457
11458
11459
11460
11461
11462
11463
11464
11465
11466
11467
11468
11469
11470
11471
11472
11473
11474
11475
11476
11477
11478
11479
11480
11481
11482
11483
11484
11485
11486
11487
11488
11489
11490
11491
11492
11493
11494
11495
11496
11497
11498
11499
11500
11501
11502
11503
11504
11505
11506
11507
11508
11509
11510
11511
11512
11513
11514
11515
11516
11517
11518
11519
11520
11521
11522
11523
11524
11525
11526
11527
11528
11529
11530
11531
11532
11533
11534
11535
11536
11537
11538
11539
11540
11541
11542
11543
11544
11545
11546
11547
11548
11549
11550
11551
11552
11553
11554
11555
11556
11557
11558
11559
11560
11561
11562
11563
11564
11565
11566
11567
11568
11569
11570
11571
11572
11573
11574
11575
11576
11577
11578
11579
11580
11581
11582
11583
11584
11585
11586
11587
11588
11589
11590
11591
11592
11593
11594
11595
11596
11597
11598
11599
11600
11601
11602
11603
11604
11605
11606
11607
11608
11609
11610
11611
11612
11613
11614
11615
11616
11617
11618
11619
11620
11621
11622
11623
11624
11625
11626
11627
11628
11629
11630
11631
11632
11633
11634
11635
11636
11637
11638
11639
11640
11641
11642
11643
11644
11645
11646
11647
11648
11649
11650
11651
11652
11653
11654
11655
11656
11657
11658
11659
11660
11661
11662
11663
11664
11665
11666
11667
11668
11669
11670
11671
11672
11673
11674
11675
11676
11677
11678
11679
11680
11681
11682
11683
11684
11685
11686
11687
11688
11689
11690
11691
11692
11693
11694
11695
11696
11697
11698
11699
11700
11701
11702
11703
11704
11705
11706
11707
11708
11709
11710
11711
11712
11713
11714
11715
11716
11717
11718
11719
11720
11721
11722
11723
11724
11725
11726
11727
11728
11729
11730
11731
11732
11733
11734
11735
11736
11737
11738
11739
11740
11741
11742
11743
11744
11745
11746
11747
11748
11749
11750
11751
11752
11753
11754
11755
11756
11757
11758
11759
11760
11761
11762
11763
11764
11765
11766
11767
11768
11769
11770
11771
11772
11773
11774
11775
11776
11777
11778
11779
11780
11781
11782
11783
11784
11785
11786
11787
11788
11789
11790
11791
11792
11793
11794
11795
11796
11797
11798
11799
11800
11801
11802
11803
11804
11805
11806
11807
11808
11809
11810
11811
11812
11813
11814
11815
11816
11817
11818
11819
11820
11821
11822
11823
11824
11825
11826
11827
11828
11829
11830
11831
11832
11833
11834
11835
11836
11837
11838
11839
11840
11841
11842
11843
11844
11845
11846
11847
11848
11849
11850
11851
11852
11853
11854
11855
11856
11857
11858
11859
11860
11861
11862
11863
11864
11865
11866
11867
11868
11869
11870
11871
11872
11873
11874
11875
11876
11877
11878
11879
11880
11881
11882
11883
11884
11885
11886
11887
11888
11889
11890
11891
11892
11893
11894
11895
11896
11897
11898
11899
11900
11901
11902
11903
11904
11905
11906
11907
11908
11909
11910
11911
11912
11913
11914
11915
11916
11917
11918
11919
11920
11921
11922
11923
11924
11925
11926
11927
11928
11929
11930
11931
11932
11933
11934
11935
11936
11937
11938
11939
11940
11941
11942
11943
11944
11945
11946
11947
11948
11949
11950
11951
11952
11953
11954
11955
11956
11957
11958
11959
11960
11961
11962
11963
11964
11965
11966
11967
11968
11969
11970
11971
11972
11973
11974
11975
11976
11977
11978
11979
11980
11981
11982
11983
11984
11985
11986
11987
11988
11989
11990
11991
11992
11993
11994
11995
11996
11997
11998
11999
12000
12001
12002
12003
12004
12005
12006
12007
12008
12009
12010
12011
12012
12013
12014
12015
12016
12017
12018
12019
12020
12021
12022
12023
12024
12025
12026
12027
12028
12029
12030
12031
12032
12033
12034
12035
12036
12037
12038
12039
12040
12041
12042
12043
12044
12045
12046
12047
12048
12049
12050
12051
12052
12053
12054
12055
12056
12057
12058
12059
12060
12061
12062
12063
12064
12065
12066
12067
12068
12069
12070
12071
12072
12073
12074
12075
12076
12077
12078
12079
12080
12081
12082
12083
12084
12085
12086
12087
12088
12089
12090
12091
12092
12093
12094
12095
12096
12097
12098
12099
12100
12101
12102
12103
12104
12105
12106
12107
12108
12109
12110
12111
12112
12113
12114
12115
12116
12117
12118
12119
12120
12121
12122
12123
12124
12125
12126
12127
12128
12129
12130
12131
12132
12133
12134
12135
12136
12137
12138
12139
12140
12141
12142
12143
12144
12145
12146
12147
12148
12149
12150
12151
12152
12153
12154
12155
12156
12157
12158
12159
12160
12161
12162
12163
12164
12165
12166
12167
12168
12169
12170
12171
12172
12173
12174
12175
12176
12177
12178
12179
12180
12181
12182
12183
12184
12185
12186
12187
12188
12189
12190
12191
12192
12193
12194
12195
12196
12197
12198
12199
12200
12201
12202
12203
12204
12205
12206
12207
12208
12209
12210
12211
12212
12213
12214
12215
12216
12217
12218
12219
12220
12221
12222
12223
12224
12225
12226
12227
12228
12229
12230
12231
12232
12233
12234
12235
12236
12237
12238
12239
12240
12241
12242
12243
12244
12245
12246
12247
12248
12249
12250
12251
12252
12253
12254
12255
12256
12257
12258
12259
12260
12261
12262
12263
12264
12265
12266
12267
12268
12269
12270
12271
12272
12273
12274
12275
12276
12277
12278
12279
12280
12281
12282
12283
12284
12285
12286
12287
