1026
1027
1030
1031
1034
1035
1038
1039
1042
1043
1046
1047
1050
1051
1054
1055
1058
1059
1062
1063
1066
1067
1070
1071
1074
1075
1078
1079
1082
1083
1086
1087
1090
1091
1094
1095
1098
1099
1102
1103
1106
1107
1110
1111
1114
1115
1118
1119
1122
1123
1126
1127
1130
1131
1134
1135
1138
1139
1142
1143
1146
1147
1150
1151
1154
1155
1158
1159
1162
1163
1166
1167
1170
1171
1174
1175
1178
1179
1182
1183
1186
1187
1190
1191
1194
1195
1198
1199
1202
1203
1206
1207
1210
1211
1214
1215
1218
1219
1222
1223
1226
1227
1230
1231
1234
1235
1238
1239
1242
1243
1246
1247
1250
1251
1254
1255
1258
1259
1262
1263
1266
1267
1270
1271
1274
1275
1278
1279
1282
1283
1286
1287
1290
1291
1294
1295
1298
1299
1302
1303
1306
1307
1310
1311
1314
1315
1318
1319
1322
1323
1326
1327
1330
1331
1334
1335
1338
1339
1342
1343
1346
1347
1350
1351
1354
1355
1358
1359
1362
1363
1366
1367
1370
1371
1374
1375
1378
1379
1382
1383
1386
1387
1390
1391
1394
1395
1398
1399
1402
1403
1406
1407
1410
1411
1414
1415
1418
1419
1422
1423
1426
1427
1430
1431
1434
1435
1438
1439
1442
1443
1446
1447
1450
1451
1454
1455
1458
1459
1462
1463
1466
1467
1470
1471
1474
1475
1478
1479
1482
1483
1486
1487
1490
1491
1494
1495
1498
1499
1502
1503
1506
1507
1510
1511
1514
1515
1518
1519
1522
1523
1526
1527
1530
1531
1534
1535
1538
1539
1542
1543
1546
1547
1550
1551
1554
1555
1558
1559
1562
1563
1566
1567
1570
1571
1574
1575
1578
1579
1582
1583
1586
1587
1590
1591
1594
1595
1598
1599
1602
1603
1606
1607
1610
1611
1614
1615
1618
1619
1622
1623
1626
1627
1630
1631
1634
1635
1638
1639
1642
1643
1646
1647
1650
1651
1654
1655
1658
1659
1662
1663
1666
1667
1670
1671
1674
1675
1678
1679
1682
1683
1686
1687
1690
1691
1694
1695
1698
1699
1702
1703
1706
1707
1710
1711
1714
1715
1718
1719
1722
1723
1726
1727
1730
1731
1734
1735
1738
1739
1742
1743
1746
1747
1750
1751
1754
1755
1758
1759
1762
1763
1766
1767
1770
1771
1774
1775
1778
1779
1782
1783
1786
1787
1790
1791
1794
1795
1798
1799
1802
1803
1806
1807
1810
1811
1814
1815
1818
1819
1822
1823
1826
1827
1830
1831
1834
1835
1838
1839
1842
1843
1846
1847
1850
1851
1854
1855
1858
1859
1862
1863
1866
1867
1870
1871
1874
1875
1878
1879
1882
1883
1886
1887
1890
1891
1894
1895
1898
1899
1902
1903
1906
1907
1910
1911
1914
1915
1918
1919
1922
1923
1926
1927
1930
1931
1934
1935
1938
1939
1942
1943
1946
1947
1950
1951
1954
1955
1958
1959
1962
1963
1966
1967
1970
1971
1974
1975
1978
1979
1982
1983
1986
1987
1990
1991
1994
1995
1998
1999
2002
2003
2006
2007
2010
2011
2014
2015
2018
2019
2022
2023
2026
2027
2030
2031
2034
2035
2038
2039
2042
2043
2046
2047
1028
1029
1030
1031
1036
1037
1038
1039
1044
1045
1046
1047
1052
1053
1054
1055
1060
1061
1062
1063
1068
1069
1070
1071
1076
1077
1078
1079
1084
1085
1086
1087
1092
1093
1094
1095
1100
1101
1102
1103
1108
1109
1110
1111
1116
1117
1118
1119
1124
1125
1126
1127
1132
1133
1134
1135
1140
1141
1142
1143
1148
1149
1150
1151
1156
1157
1158
1159
1164
1165
1166
1167
1172
1173
1174
1175
1180
1181
1182
1183
1188
1189
1190
1191
1196
1197
1198
1199
1204
1205
1206
1207
1212
1213
1214
1215
1220
1221
1222
1223
1228
1229
1230
1231
1236
1237
1238
1239
1244
1245
1246
1247
1252
1253
1254
1255
1260
1261
1262
1263
1268
1269
1270
1271
1276
1277
1278
1279
1284
1285
1286
1287
1292
1293
1294
1295
1300
1301
1302
1303
1308
1309
1310
1311
1316
1317
1318
1319
1324
1325
1326
1327
1332
1333
1334
1335
1340
1341
1342
1343
1348
1349
1350
1351
1356
1357
1358
1359
1364
1365
1366
1367
1372
1373
1374
1375
1380
1381
1382
1383
1388
1389
1390
1391
1396
1397
1398
1399
1404
1405
1406
1407
1412
1413
1414
1415
1420
1421
1422
1423
1428
1429
1430
1431
1436
1437
1438
1439
1444
1445
1446
1447
1452
1453
1454
1455
1460
1461
1462
1463
1468
1469
1470
1471
1476
1477
1478
1479
1484
1485
1486
1487
1492
1493
1494
1495
1500
1501
1502
1503
1508
1509
1510
1511
1516
1517
1518
1519
1524
1525
1526
1527
1532
1533
1534
1535
1540
1541
1542
1543
1548
1549
1550
1551
1556
1557
1558
1559
1564
1565
1566
1567
1572
1573
1574
1575
1580
1581
1582
1583
1588
1589
1590
1591
1596
1597
1598
1599
1604
1605
1606
1607
1612
1613
1614
1615
1620
1621
1622
1623
1628
1629
1630
1631
1636
1637
1638
1639
1644
1645
1646
1647
1652
1653
1654
1655
1660
1661
1662
1663
1668
1669
1670
1671
1676
1677
1678
1679
1684
1685
1686
1687
1692
1693
1694
1695
1700
1701
1702
1703
1708
1709
1710
1711
1716
1717
1718
1719
1724
1725
1726
1727
1732
1733
1734
1735
1740
1741
1742
1743
1748
1749
1750
1751
1756
1757
1758
1759
1764
1765
1766
1767
1772
1773
1774
1775
1780
1781
1782
1783
1788
1789
1790
1791
1796
1797
1798
1799
1804
1805
1806
1807
1812
1813
1814
1815
1820
1821
1822
1823
1828
1829
1830
1831
1836
1837
1838
1839
1844
1845
1846
1847
1852
1853
1854
1855
1860
1861
1862
1863
1868
1869
1870
1871
1876
1877
1878
1879
1884
1885
1886
1887
1892
1893
1894
1895
1900
1901
1902
1903
1908
1909
1910
1911
1916
1917
1918
1919
1924
1925
1926
1927
1932
1933
1934
1935
1940
1941
1942
1943
1948
1949
1950
1951
1956
1957
1958
1959
1964
1965
1966
1967
1972
1973
1974
1975
1980
1981
1982
1983
1988
1989
1990
1991
1996
1997
1998
1999
2004
2005
2006
2007
2012
2013
2014
2015
2020
2021
2022
2023
2028
2029
2030
2031
2036
2037
2038
2039
2044
2045
2046
2047
3072
3073
3074
3075
3076
3077
3078
3079
3088
3089
3090
3091
3092
3093
3094
3095
3104
3105
3106
3107
3108
3109
3110
3111
3120
3121
3122
3123
3124
3125
3126
3127
3136
3137
3138
3139
3140
3141
3142
3143
3152
3153
3154
3155
3156
3157
3158
3159
3168
3169
3170
3171
3172
3173
3174
3175
3184
3185
3186
3187
3188
3189
3190
3191
3200
3201
3202
3203
3204
3205
3206
3207
3216
3217
3218
3219
3220
3221
3222
3223
3232
3233
3234
3235
3236
3237
3238
3239
3248
3249
3250
3251
3252
3253
3254
3255
3264
3265
3266
3267
3268
3269
3270
3271
3280
3281
3282
3283
3284
3285
3286
3287
3296
3297
3298
3299
3300
3301
3302
3303
3312
3313
3314
3315
3316
3317
3318
3319
3328
3329
3330
3331
3332
3333
3334
3335
3344
3345
3346
3347
3348
3349
3350
3351
3360
3361
3362
3363
3364
3365
3366
3367
3376
3377
3378
3379
3380
3381
3382
3383
3392
3393
3394
3395
3396
3397
3398
3399
3408
3409
3410
3411
3412
3413
3414
3415
3424
3425
3426
3427
3428
3429
3430
3431
3440
3441
3442
3443
3444
3445
3446
3447
3456
3457
3458
3459
3460
3461
3462
3463
3472
3473
3474
3475
3476
3477
3478
3479
3488
3489
3490
3491
3492
3493
3494
3495
3504
3505
3506
3507
3508
3509
3510
3511
3520
3521
3522
3523
3524
3525
3526
3527
3536
3537
3538
3539
3540
3541
3542
3543
3552
3553
3554
3555
3556
3557
3558
3559
3568
3569
3570
3571
3572
3573
3574
3575
3584
3585
3586
3587
3588
3589
3590
3591
3600
3601
3602
3603
3604
3605
3606
3607
3616
3617
3618
3619
3620
3621
3622
3623
3632
3633
3634
3635
3636
3637
3638
3639
3648
3649
3650
3651
3652
3653
3654
3655
3664
3665
3666
3667
3668
3669
3670
3671
3680
3681
3682
3683
3684
3685
3686
3687
3696
3697
3698
3699
3700
3701
3702
3703
3712
3713
3714
3715
3716
3717
3718
3719
3728
3729
3730
3731
3732
3733
3734
3735
3744
3745
3746
3747
3748
3749
3750
3751
3760
3761
3762
3763
3764
3765
3766
3767
3776
3777
3778
3779
3780
3781
3782
3783
3792
3793
3794
3795
3796
3797
3798
3799
3808
3809
3810
3811
3812
3813
3814
3815
3824
3825
3826
3827
3828
3829
3830
3831
3840
3841
3842
3843
3844
3845
3846
3847
3856
3857
3858
3859
3860
3861
3862
3863
3872
3873
3874
3875
3876
3877
3878
3879
3888
3889
3890
3891
3892
3893
3894
3895
3904
3905
3906
3907
3908
3909
3910
3911
3920
3921
3922
3923
3924
3925
3926
3927
3936
3937
3938
3939
3940
3941
3942
3943
3952
3953
3954
3955
3956
3957
3958
3959
3968
3969
3970
3971
3972
3973
3974
3975
3984
3985
3986
3987
3988
3989
3990
3991
4000
4001
4002
4003
4004
4005
4006
4007
4016
4017
4018
4019
4020
4021
4022
4023
4032
4033
4034
4035
4036
4037
4038
4039
4048
4049
4050
4051
4052
4053
4054
4055
4064
4065
4066
4067
4068
4069
4070
4071
4080
4081
4082
4083
4084
4085
4086
4087
7200
7201
7202
7203
7204
7205
7206
7207
7208
7209
7210
7211
7212
7213
7214
7215
7216
7217
7218
7219
7220
7221
7222
7223
7224
7225
7226
7227
7228
7229
7230
7231
7264
7265
7266
7267
7268
7269
7270
7271
7272
7273
7274
7275
7276
7277
7278
7279
7280
7281
7282
7283
7284
7285
7286
7287
7288
7289
7290
7291
7292
7293
7294
7295
7328
7329
7330
7331
7332
7333
7334
7335
7336
7337
7338
7339
7340
7341
7342
7343
7344
7345
7346
7347
7348
7349
7350
7351
7352
7353
7354
7355
7356
7357
7358
7359
7392
7393
7394
7395
7396
7397
7398
7399
7400
7401
7402
7403
7404
7405
7406
7407
7408
7409
7410
7411
7412
7413
7414
7415
7416
7417
7418
7419
7420
7421
7422
7423
7456
7457
7458
7459
7460
7461
7462
7463
7464
7465
7466
7467
7468
7469
7470
7471
7472
7473
7474
7475
7476
7477
7478
7479
7480
7481
7482
7483
7484
7485
7486
7487
7520
7521
7522
7523
7524
7525
7526
7527
7528
7529
7530
7531
7532
7533
7534
7535
7536
7537
7538
7539
7540
7541
7542
7543
7544
7545
7546
7547
7548
7549
7550
7551
7584
7585
7586
7587
7588
7589
7590
7591
7592
7593
7594
7595
7596
7597
7598
7599
7600
7601
7602
7603
7604
7605
7606
7607
7608
7609
7610
7611
7612
7613
7614
7615
7648
7649
7650
7651
7652
7653
7654
7655
7656
7657
7658
7659
7660
7661
7662
7663
7664
7665
7666
7667
7668
7669
7670
7671
7672
7673
7674
7675
7676
7677
7678
7679
7712
7713
7714
7715
7716
7717
7718
7719
7720
7721
7722
7723
7724
7725
7726
7727
7728
7729
7730
7731
7732
7733
7734
7735
7736
7737
7738
7739
7740
7741
7742
7743
7776
7777
7778
7779
7780
7781
7782
7783
7784
7785
7786
7787
7788
7789
7790
7791
7792
7793
7794
7795
7796
7797
7798
7799
7800
7801
7802
7803
7804
7805
7806
7807
7840
7841
7842
7843
7844
7845
7846
7847
7848
7849
7850
7851
7852
7853
7854
7855
7856
7857
7858
7859
7860
7861
7862
7863
7864
7865
7866
7867
7868
7869
7870
7871
7904
7905
7906
7907
7908
7909
7910
7911
7912
7913
7914
7915
7916
7917
7918
7919
7920
7921
7922
7923
7924
7925
7926
7927
7928
7929
7930
7931
7932
7933
7934
7935
7968
7969
7970
7971
7972
7973
7974
7975
7976
7977
7978
7979
7980
7981
7982
7983
7984
7985
7986
7987
7988
7989
7990
7991
7992
7993
7994
7995
7996
7997
7998
7999
8032
8033
8034
8035
8036
8037
8038
8039
8040
8041
8042
8043
8044
8045
8046
8047
8048
8049
8050
8051
8052
8053
8054
8055
8056
8057
8058
8059
8060
8061
8062
8063
8096
8097
8098
8099
8100
8101
8102
8103
8104
8105
8106
8107
8108
8109
8110
8111
8112
8113
8114
8115
8116
8117
8118
8119
8120
8121
8122
8123
8124
8125
8126
8127
8160
8161
8162
8163
8164
8165
8166
8167
8168
8169
8170
8171
8172
8173
8174
8175
8176
8177
8178
8179
8180
8181
8182
8183
8184
8185
8186
8187
8188
8189
8190
8191
